Copy:           11294.0     0.014179     0.014167     0.014191
Copy:           12356.2     0.013146     0.012949     0.013384
Copy:           12813.4     0.012873     0.012487     0.013059
Copy:           12137.6     0.013241     0.013182     0.013287
Copy:           12242.6     0.013181     0.013069     0.013331
Copy:           21473.5     0.007554     0.007451     0.008111
Copy:           21279.4     0.007594     0.007519     0.007978
Copy:           21468.0     0.007526     0.007453     0.007922
Copy:           21665.5     0.007461     0.007385     0.007895
Copy:           21674.6     0.007448     0.007382     0.007788
Copy:           27454.1     0.005953     0.005828     0.006156
Copy:           27355.6     0.005957     0.005849     0.006156
Copy:           27137.7     0.005968     0.005896     0.006208
Copy:           27586.2     0.005993     0.005800     0.006266
Copy:           27188.3     0.005978     0.005885     0.006200
Copy:           30875.9     0.005269     0.005182     0.005395
Copy:           30984.3     0.005278     0.005164     0.005374
Copy:           30935.7     0.005230     0.005172     0.005460
Copy:           30924.3     0.005244     0.005174     0.005386
Copy:           30698.0     0.005285     0.005212     0.005432
Copy:           33299.7     0.004858     0.004805     0.004990
Copy:           33791.0     0.004789     0.004735     0.004873
Copy:           33215.6     0.004859     0.004817     0.004921
Copy:           33265.0     0.004861     0.004810     0.004959
Copy:           33536.0     0.004860     0.004771     0.004989
Copy:           33862.6     0.004771     0.004725     0.004879
Copy:           34631.5     0.004647     0.004620     0.004680
Copy:           34393.6     0.004672     0.004652     0.004698
Copy:           34312.7     0.004700     0.004663     0.004735
Copy:           34013.6     0.004735     0.004704     0.004763
Copy:           35148.4     0.004572     0.004552     0.004585
Copy:           34645.8     0.004660     0.004618     0.004696
Copy:           34608.3     0.004661     0.004623     0.004728
Copy:           34699.5     0.004638     0.004611     0.004670
Copy:           34775.0     0.004652     0.004601     0.004714
Copy:           35080.4     0.004585     0.004561     0.004660
Copy:           35548.7     0.004534     0.004501     0.004568
Copy:           35357.7     0.004584     0.004525     0.004649
Copy:           35802.9     0.004499     0.004469     0.004533
Copy:           35722.8     0.004538     0.004479     0.004577
Copy:           35157.6     0.004594     0.004551     0.004644
Copy:           35367.0     0.004545     0.004524     0.004568
Copy:           35406.2     0.004545     0.004519     0.004578
Copy:           35376.3     0.004554     0.004523     0.004572
Copy:           35391.2     0.004534     0.004521     0.004548
Copy:           35056.6     0.004605     0.004564     0.004646
Copy:           35109.8     0.004601     0.004557     0.004680
Copy:           35406.2     0.004544     0.004519     0.004571
Copy:           34685.2     0.004630     0.004613     0.004649
Copy:           34874.4     0.004597     0.004588     0.004610
Copy:           35690.5     0.004493     0.004483     0.004509
Copy:           35675.3     0.004506     0.004485     0.004534
Copy:           35626.1     0.004520     0.004491     0.004554
Copy:           35049.3     0.004588     0.004565     0.004609
Copy:           35770.4     0.004493     0.004473     0.004524
Copy:           35406.2     0.004533     0.004519     0.004552
Copy:           35548.7     0.004524     0.004501     0.004554
Copy:           35492.3     0.004524     0.004508     0.004537
Copy:           35603.4     0.004508     0.004494     0.004527
Copy:           35460.4     0.004547     0.004512     0.004590
Copy:           35722.8     0.004580     0.004479     0.004737
Copy:           36002.6     0.004498     0.004444     0.004574
Copy:           48468.1     0.003515     0.003301     0.003729
Copy:           39438.7     0.004080     0.004057     0.004110
Copy:           35056.6     0.004654     0.004564     0.004972
Copy:           35698.1     0.004580     0.004482     0.004780
Copy:           35376.3     0.004610     0.004523     0.004697
Copy:           54089.5     0.003371     0.002958     0.003604
Copy:           35531.8     0.004606     0.004503     0.004700
Copy:           35374.4     0.004600     0.004523     0.004729
Copy:           35233.3     0.004596     0.004541     0.004688
Copy:           35374.4     0.004603     0.004523     0.004698
Copy:           35430.5     0.004581     0.004516     0.004645
Copy:           41721.4     0.003934     0.003835     0.004040
Copy:           35264.8     0.004604     0.004537     0.004689
Copy:           39176.2     0.004157     0.004084     0.004310
Copy:           35413.6     0.004589     0.004518     0.004653
Copy:           38786.8     0.004230     0.004125     0.004377
Copy:           34834.6     0.004614     0.004593     0.004659
Copy:           43360.4     0.003810     0.003690     0.003901
Copy:           35010.9     0.004641     0.004570     0.004701
Copy:           35119.0     0.004619     0.004556     0.004715
Copy:           41525.2     0.003981     0.003853     0.004081
Copy:           35313.0     0.004592     0.004531     0.004639
Copy:           35141.1     0.004638     0.004553     0.004694
Copy:           35311.2     0.004559     0.004531     0.004607
Copy:           35087.8     0.004611     0.004560     0.004648
Copy:           35027.3     0.004618     0.004568     0.004680
Copy:           38076.0     0.004249     0.004202     0.004333
Copy:           35165.0     0.004594     0.004550     0.004619
Copy:           34699.5     0.004625     0.004611     0.004638
Copy:           35165.0     0.004608     0.004550     0.004660
Copy:           34850.9     0.004638     0.004591     0.004670
Copy:           35148.4     0.004594     0.004552     0.004651
Copy:           37752.5     0.004275     0.004238     0.004305
Copy:           34796.7     0.004612     0.004598     0.004641
Copy:           34565.5     0.004662     0.004629     0.004694
Copy:           40857.8     0.003982     0.003916     0.004064
Copy:           43884.9     0.003722     0.003646     0.003824
Copy:           35020.0     0.004587     0.004569     0.004617
Copy:           34843.6     0.004625     0.004592     0.004647
Copy:           49706.6     0.003401     0.003219     0.003659
Copy:           43478.4     0.003760     0.003680     0.003833
Copy:           46471.1     0.003538     0.003443     0.003651
Copy:           35056.6     0.004578     0.004564     0.004592
Copy:           34965.3     0.004601     0.004576     0.004630
Copy:           34965.3     0.004614     0.004576     0.004631
Copy:           37833.4     0.004264     0.004229     0.004323
Copy:           34941.6     0.004610     0.004579     0.004647
Copy:           44299.2     0.003682     0.003612     0.003752
Copy:           46713.7     0.003521     0.003425     0.003602
Copy:           41239.4     0.003909     0.003880     0.003939
Copy:           34610.0     0.004648     0.004623     0.004666
Copy:           34956.2     0.004601     0.004577     0.004625
Copy:           34647.6     0.004648     0.004618     0.004677
Copy:           34820.1     0.004611     0.004595     0.004628
Copy:           35102.5     0.004578     0.004558     0.004590
Copy:           34867.2     0.004603     0.004589     0.004617
Copy:           40662.2     0.003977     0.003935     0.004015
Copy:           41302.8     0.003907     0.003874     0.003955
Copy:           39438.7     0.004081     0.004057     0.004105
Copy:           45350.0     0.003573     0.003528     0.003639
Copy:           45221.6     0.003613     0.003538     0.003664
Copy:           37097.2     0.004355     0.004313     0.004401
Copy:           36045.2     0.004472     0.004439     0.004501
Copy:           38104.1     0.004243     0.004199     0.004296
Copy:           40060.2     0.004032     0.003994     0.004063
Copy:           47420.1     0.003493     0.003374     0.003625
Copy:           36232.0     0.004869     0.004416     0.008120
Copy:           45377.6     0.003583     0.003526     0.003702
Copy:           36306.5     0.005254     0.004407     0.008093
Copy:           37514.0     0.004320     0.004265     0.004413
Copy:           37224.8     0.004358     0.004298     0.004455
Copy:           40630.2     0.004034     0.003938     0.004126
Copy:           39960.0     0.004059     0.004004     0.004117
Copy:           35939.0     0.004522     0.004452     0.004587
Copy:           36747.8     0.004902     0.004354     0.008689
Copy:           36446.5     0.004478     0.004390     0.004571
Copy:           36052.9     0.004476     0.004438     0.004550
Copy:           42431.0     0.003839     0.003771     0.003889
Copy:           36132.5     0.004922     0.004428     0.008657
Copy:           36850.7     0.004804     0.004342     0.007988
Copy:           38815.9     0.004169     0.004122     0.004240
Copy:           35969.8     0.005798     0.004448     0.008759
Copy:           50141.1     0.003345     0.003191     0.003495
Copy:           36705.6     0.005019     0.004359     0.009825
Copy:           51196.9     0.003355     0.003125     0.003494
Copy:           37200.0     0.004773     0.004301     0.008095
Copy:           55343.0     0.003290     0.002891     0.003413
Copy:           39496.7     0.004104     0.004051     0.004198
Copy:           43667.9     0.003753     0.003664     0.003786
Copy:           44867.9     0.003628     0.003566     0.003676
Copy:           45466.7     0.003573     0.003519     0.003641
Copy:           36917.6     0.005210     0.004334     0.008092
Copy:           38269.2     0.004261     0.004181     0.004320
Copy:           39330.0     0.004186     0.004068     0.004230
Copy:           36298.6     0.005722     0.004408     0.008263
Copy:           42598.0     0.003838     0.003756     0.003936
Copy:           36935.9     0.004402     0.004332     0.004456
Copy:           35939.0     0.006023     0.004452     0.008434
